        PID:
1001
1002
1003
1004
1005
1006
1007
1008
1009
1010
1011
1012
1013
1014
1015
1016
1017
1018
1019
1020
1021
1022
1023
1024
1025
1026
1027
1028
1029
1030
1031
1032
1033
1034
1035
1036
1037
1038
1039
1040
1041
1042
1043
1044
1045
1046
1047
1048
1049
1050


        Contact Number:
Arif Ibrahim
Aminah binti Habib
Mohammad Jasrie
Sam Man Yi
Abdul Abdullah
Ng Yu Jien
Lee Kwan Kew
Teoh Tiek Ken
Ong Lai Fang
Lau Bow Chin
Lim Chin Yee
Lai Qian Qian
Lim Yue Yang
Tan Yen Yen
Ooi Yun Kai
Robert Daniels


		
        Contact Number:
9536173606
9914053059
0076023625
8061003097
2376803828
1909674417
7847776685
5321323744
6924845957
3020763020
7179409865
8445851395
6762101480
9350377224
1671747946
3468734606
1014135059
1242067499
7846625410
2741737894
9055146081
0647243078
9493878309
3697762854
0245632325
6101408297
3772807417
0836281282
0650887262
9028646727
1235035178
8459219322
8164694363
4882669097
4249259785
0807664102
5880399757
8306441723
6701976491
8624636700
3371791572
5703167960
0884852188
2580127758
8965581681
4111696972
8316767562
2578615067
1344008267
6123337716

	    
        NRIC:
34912103619767
28830882760325
70472252816197
96140265250920
84614403035780
86223686724621
28656194302142
46957035682811
32782082909660
74542856189482
62251741780979
11906061638328
21655673436832
91276705761492
73913937429671
84344731835919
89446001074728
98245658803411
10684948268126
61829303906330
79223296484556
01314120550846
85118297449312
29317202289275
82558807915869
56243084366127
71030312006123
07701493455647
95078487101316
45517703671091
79197244385416
52019955093119
66488167630883
01796198971604
54703076135916
70800173052730
07526047401799
81789582865190
66790028983598
54331857742418
29693911338451
08351391694659
56560642191129
87366704279818
93443095651963
13065409185005
46226298703783
98310701268370
57661093144064
23236865100697
